TEMPORAL PERFORMANCE ANALYSIS
================================================================================

      Total_PnL  Avg_PnL  Trades  Win_Rate
hour                                      
0          52.0     0.12     444     55.86
1          65.0     0.13     483     56.73
2          75.0     0.16     481     57.80
3          82.0     0.15     542     57.56
4          38.0     0.07     522     53.64
11         59.0     0.09     651     54.53
12         67.0     0.11     631     55.31
13        101.0     0.13     777     56.50
14         99.0     0.11     889     55.57
15        -14.0    -0.02     842     49.17
16         28.0     0.04     708     51.98
17         74.0     0.12     638     55.80
18         54.0     0.10     558     54.84
19         28.0     0.05     564     52.48
20         89.0     0.19     481     59.25
21         90.0     0.23     388     61.60
22         61.0     0.13     461     56.62
23         81.0     0.16     491     58.25

           Total_PnL  Avg_PnL  Win_Rate  Trades
day_name                                       
Monday         151.0     0.09     54.38    1723
Tuesday        135.0     0.09     54.49    1505
Wednesday      143.0     0.10     55.22    1369
Thursday       122.0     0.07     53.68    1656
Friday         139.0     0.10     55.03    1383
Saturday       168.0     0.16     58.00    1050
Sunday         271.0     0.15     57.27    1865

            Total_PnL  Avg_PnL  Win_Rate  Trades
month_name                                      
2024-02          34.0     0.14     56.97     244
2024-03          62.0     0.20     60.06     308
2024-04          60.0     0.16     57.94     378
2024-05          55.0     0.15     57.29     377
2024-06          57.0     0.15     57.40     385
2024-07          41.0     0.08     53.89     527
2024-08          37.0     0.11     55.46     339
2024-09          59.0     0.13     56.60     447
2024-10          43.0     0.09     54.40     489
2024-11          28.0     0.07     53.43     408
2024-12           4.0     0.01     50.47     426
2025-01          52.0     0.12     56.07     428
2025-02          31.0     0.08     53.92     395
2025-03          37.0     0.08     54.20     441
2025-04          43.0     0.11     55.73     375
2025-05          46.0     0.09     54.53     508
2025-06          53.0     0.10     54.95     535
2025-07          48.0     0.09     54.67     514
2025-08          80.0     0.14     57.04     568
2025-09          57.0     0.10     55.10     559
2025-10          16.0     0.03     51.44     556
2025-11          20.0     0.05     52.35     426
2025-12          76.0     0.19     59.74     390
2026-01          87.0     0.18     59.01     483
2026-02           3.0     0.07     53.33      45